Running file my.elf.
ELF Entry @ 0x80000000
begin_signature: 0x80002210
end_signature: 0x800022a0
CSR mstatus <- 0x00000000 (input: 0x00000000)
mem[X,0x00001000] -> 0x0297
mem[X,0x00001002] -> 0x0000
[0] [M]: 0x00001000 (0x00000297) auipc t0, 0
x5 <- 0x00001000

mem[X,0x00001004] -> 0x8593
mem[X,0x00001006] -> 0x0202
[1] [M]: 0x00001004 (0x02028593) addi a1, t0, 32
x11 <- 0x00001020

mem[X,0x00001008] -> 0x2573
mem[X,0x0000100A] -> 0xF140
[2] [M]: 0x00001008 (0xF1402573) csrrs a0, mhartid, zero
CSR mhartid -> 0x00000000
x10 <- 0x00000000

mem[X,0x0000100C] -> 0xA283
mem[X,0x0000100E] -> 0x0182
[3] [M]: 0x0000100C (0x0182A283) lw t0, 24(t0)
mem[R,0x00001018] -> 0x80000000
x5 <- 0x80000000

mem[X,0x00001010] -> 0x8067
mem[X,0x00001012] -> 0x0002
[4] [M]: 0x00001010 (0x00028067) jalr zero, t0, 0

mem[X,0x80000000] -> 0x00EF
mem[X,0x80000002] -> 0x0940
[5] [M]: 0x80000000 (0x094000EF) jal ra, 148
x1 <- 0x80000004

mem[X,0x80000094] -> 0x2317
mem[X,0x80000096] -> 0x0000
[6] [M]: 0x80000094 (0x00002317) auipc t1, 2
x6 <- 0x80002094

mem[X,0x80000098] -> 0x0313
mem[X,0x8000009A] -> 0xF6C3
[7] [M]: 0x80000098 (0xF6C30313) addi t1, t1, 3948
x6 <- 0x80002000

mem[X,0x8000009C] -> 0x1373
mem[X,0x8000009E] -> 0x3403
[8] [M]: 0x8000009C (0x34031373) csrrw t1, mscratch, t1
CSR mscratch -> 0x00000000
CSR mscratch <- 0x80002000 (input: 0x80002000)
x6 <- 0x00000000

mem[X,0x800000A0] -> 0x2397
mem[X,0x800000A2] -> 0x0000
[9] [M]: 0x800000A0 (0x00002397) auipc t2, 2
x7 <- 0x800020A0

mem[X,0x800000A4] -> 0x8393
mem[X,0x800000A6] -> 0xFC43
[10] [M]: 0x800000A4 (0xFC438393) addi t2, t2, 4036
x7 <- 0x80002064

mem[X,0x800000A8] -> 0xA023
mem[X,0x800000AA] -> 0x0063
[11] [M]: 0x800000A8 (0x0063A023) sw t1, 0(t2)
mem[0x80002064] <- 0x00000000

mem[X,0x800000AC] -> 0x2373
mem[X,0x800000AE] -> 0x3400
[12] [M]: 0x800000AC (0x34002373) csrrs t1, mscratch, zero
CSR mscratch -> 0x80002000
x6 <- 0x80002000

mem[X,0x800000B0] -> 0x2397
mem[X,0x800000B2] -> 0x0000
[13] [M]: 0x800000B0 (0x00002397) auipc t2, 2
x7 <- 0x800020B0

mem[X,0x800000B4] -> 0x8393
mem[X,0x800000B6] -> 0x1703
[14] [M]: 0x800000B4 (0x17038393) addi t2, t2, 368
x7 <- 0x80002220

mem[X,0x800000B8] -> 0x2023
mem[X,0x800000BA] -> 0x0073
[15] [M]: 0x800000B8 (0x00732023) sw t2, 0(t1)
mem[0x80002000] <- 0x80002220

mem[X,0x800000BC] -> 0x0317
mem[X,0x800000BE] -> 0x0000
[16] [M]: 0x800000BC (0x00000317) auipc t1, 0
x6 <- 0x800000BC

mem[X,0x800000C0] -> 0x0313
mem[X,0x800000C2] -> 0x0803
[17] [M]: 0x800000C0 (0x08030313) addi t1, t1, 128
x6 <- 0x8000013C

mem[X,0x800000C4] -> 0x2E97
mem[X,0x800000C6] -> 0x0000
[18] [M]: 0x800000C4 (0x00002E97) auipc t4, 2
x29 <- 0x800020C4

mem[X,0x800000C8] -> 0x8E93
mem[X,0x800000CA] -> 0xF98E
[19] [M]: 0x800000C8 (0xF98E8E93) addi t4, t4, 3992
x29 <- 0x8000205C

mem[X,0x800000CC] -> 0x13F3
mem[X,0x800000CE] -> 0x3053
[20] [M]: 0x800000CC (0x305313F3) csrrw t2, mtvec, t1
CSR mtvec -> 0x00000000
CSR mtvec <- 0x8000013C (input: 0x8000013C)
x7 <- 0x00000000

mem[X,0x800000D0] -> 0xA023
mem[X,0x800000D2] -> 0x007E
[21] [M]: 0x800000D0 (0x007EA023) sw t2, 0(t4)
mem[0x8000205C] <- 0x00000000

mem[X,0x800000D4] -> 0x2E73
mem[X,0x800000D6] -> 0x3050
[22] [M]: 0x800000D4 (0x30502E73) csrrs t3, mtvec, zero
CSR mtvec -> 0x8000013C
x28 <- 0x8000013C

mem[X,0x800000D8] -> 0x06E3
mem[X,0x800000DA] -> 0xF26E
[23] [M]: 0x800000D8 (0xF26E06E3) beq t3, t1, 7980

mem[X,0x80000004] -> 0x2F17
mem[X,0x80000006] -> 0x0000
[24] [M]: 0x80000004 (0x00002F17) auipc t5, 2
x30 <- 0x80002004

mem[X,0x80000008] -> 0x0F13
mem[X,0x8000000A] -> 0x20CF
[25] [M]: 0x80000008 (0x20CF0F13) addi t5, t5, 524
x30 <- 0x80002210

mem[X,0x8000000C] -> 0x2317
mem[X,0x8000000E] -> 0x0000
[26] [M]: 0x8000000C (0x00002317) auipc t1, 2
x6 <- 0x8000200C

mem[X,0x80000010] -> 0x0313
mem[X,0x80000012] -> 0x0643
[27] [M]: 0x80000010 (0x06430313) addi t1, t1, 100
x6 <- 0x80002070

mem[X,0x80000014] -> 0x2EF3
mem[X,0x80000016] -> 0x3010
[28] [M]: 0x80000014 (0x30102EF3) csrrs t4, misa, zero
CSR misa -> 0x40141125
x29 <- 0x40141125

mem[X,0x80000018] -> 0x2423
mem[X,0x8000001A] -> 0x01D3
[29] [M]: 0x80000018 (0x01D32423) sw t4, 8(t1)
mem[0x80002078] <- 0x40141125

mem[X,0x8000001C] -> 0x2283
mem[X,0x8000001E] -> 0x0003
[30] [M]: 0x8000001C (0x00032283) lw t0, 0(t1)
mem[R,0x80002070] -> 0x00000001
x5 <- 0x00000001

mem[X,0x80000020] -> 0x2303
mem[X,0x80000022] -> 0x0043
[31] [M]: 0x80000020 (0x00432303) lw t1, 4(t1)
mem[R,0x80002074] -> 0xFFFFFFFE
x6 <- 0xFFFFFFFE

mem[X,0x80000024] -> 0x2023
mem[X,0x80000026] -> 0x01DF
[32] [M]: 0x80000024 (0x01DF2023) sw t4, 0(t5)
mem[0x80002210] <- 0x40141125

mem[X,0x80000028] -> 0x0913
mem[X,0x8000002A] -> 0x0000
[33] [M]: 0x80000028 (0x00000913) addi s2, zero, 0
x18 <- 0x00000000

mem[X,0x8000002C] -> 0x0893
mem[X,0x8000002E] -> 0x0000
[34] [M]: 0x8000002C (0x00000893) addi a7, zero, 0
x17 <- 0x00000000

mem[X,0x80000030] -> 0x08B3
mem[X,0x80000032] -> 0x0319
[35] [M]: 0x80000030 (0x031908B3) mul a7, s2, a7
x17 <- 0x00000000

mem[X,0x80000034] -> 0x2223
mem[X,0x80000036] -> 0x0113
[36] [M]: 0x80000034 (0x01132223) sw a7, 4(t1)
trapping from M to M to handle misaliged-store/amo
handling exc#0x06 at priv M with tval 0x00000002
CSR mstatus <- 0x00001800

mem[X,0x8000013C] -> 0x006F
mem[X,0x8000013E] -> 0x0800
[37] [M]: 0x8000013C (0x0800006F) jal zero, 128

mem[X,0x800001BC] -> 0x1173
mem[X,0x800001BE] -> 0x3401
[38] [M]: 0x800001BC (0x34011173) csrrw sp, mscratch, sp
CSR mscratch -> 0x80002000
CSR mscratch <- 0x00000000 (input: 0x00000000)
x2 <- 0x80002000

mem[X,0x800001C0] -> 0x2C23
mem[X,0x800001C2] -> 0x01F1
[39] [M]: 0x800001C0 (0x01F12C23) sw t6, 24(sp)
mem[0x80002018] <- 0x00000000

mem[X,0x800001C4] -> 0x0F97
mem[X,0x800001C6] -> 0x0000
[40] [M]: 0x800001C4 (0x00000F97) auipc t6, 0
x31 <- 0x800001C4

mem[X,0x800001C8] -> 0xAF83
mem[X,0x800001CA] -> 0x010F
[41] [M]: 0x800001C8 (0x010FAF83) lw t6, 16(t6)
mem[R,0x800001D4] -> 0x800003BC
x31 <- 0x800003BC

mem[X,0x800001CC] -> 0x8FE7
mem[X,0x800001CE] -> 0x000F
[42] [M]: 0x800001CC (0x000F8FE7) jalr t6, t6, 0
x31 <- 0x800001D0

mem[X,0x800003BC] -> 0x2A23
mem[X,0x800003BE] -> 0x01E1
[43] [M]: 0x800003BC (0x01E12A23) sw t5, 20(sp)
mem[0x80002014] <- 0x80002210

mem[X,0x800003C0] -> 0x2823
mem[X,0x800003C2] -> 0x01D1
[44] [M]: 0x800003C0 (0x01D12823) sw t4, 16(sp)
mem[0x80002010] <- 0x40141125

mem[X,0x800003C4] -> 0x2623
mem[X,0x800003C6] -> 0x01C1
[45] [M]: 0x800003C4 (0x01C12623) sw t3, 12(sp)
mem[0x8000200C] <- 0x8000013C

mem[X,0x800003C8] -> 0x2423
mem[X,0x800003CA] -> 0x0071
[46] [M]: 0x800003C8 (0x00712423) sw t2, 8(sp)
mem[0x80002008] <- 0x00000000

mem[X,0x800003CC] -> 0x2223
mem[X,0x800003CE] -> 0x0061
[47] [M]: 0x800003CC (0x00612223) sw t1, 4(sp)
mem[0x80002004] <- 0xFFFFFFFE

mem[X,0x800003D0] -> 0x2303
mem[X,0x800003D2] -> 0x0001
[48] [M]: 0x800003D0 (0x00012303) lw t1, 0(sp)
mem[R,0x80002000] -> 0x80002220
x6 <- 0x80002220

mem[X,0x800003D4] -> 0x0E17
mem[X,0x800003D6] -> 0x0000
[49] [M]: 0x800003D4 (0x00000E17) auipc t3, 0
x28 <- 0x800003D4

mem[X,0x800003D8] -> 0x0E13
mem[X,0x800003DA] -> 0xD68E
[50] [M]: 0x800003D8 (0xD68E0E13) addi t3, t3, 3432
x28 <- 0x8000013C

mem[X,0x800003DC] -> 0x83B3
mem[X,0x800003DE] -> 0x41CF
[51] [M]: 0x800003DC (0x41CF83B3) sub t2, t6, t3
x7 <- 0x00000094

mem[X,0x800003E0] -> 0x8393
mem[X,0x800003E2] -> 0x0033
[52] [M]: 0x800003E0 (0x00338393) addi t2, t2, 3
x7 <- 0x00000097

mem[X,0x800003E4] -> 0x2023
mem[X,0x800003E6] -> 0x0073
[53] [M]: 0x800003E4 (0x00732023) sw t2, 0(t1)
mem[0x80002220] <- 0x00000097

mem[X,0x800003E8] -> 0x23F3
mem[X,0x800003EA] -> 0x3420
[54] [M]: 0x800003E8 (0x342023F3) csrrs t2, mcause, zero
CSR mcause -> 0x00000006
